    1.00e-2 -1.0565524245016875E-002 8.6529538164486849E-005 4.2079797868953897E-003 1.2780522256378317E-004 -1.4773504030371171E-002 9.3394708970072368E-005 -1.5591224885264361E-002 9.4923402651913845E-005
    1.02e-2 -1.0657357602441736E-002 8.5696609264363015E-005 4.4682330368973431E-003 1.2438142846197072E-004 -1.5125590623473895E-002 9.4391590151477015E-005 -1.6081333651498352E-002 9.7011876725568673E-005
    1.07e-2 -1.0824700912352660E-002 8.3693116774566741E-005 4.7125340427657597E-003 1.2184253211462840E-004 -1.5537234870835472E-002 9.0323355183836955E-005 -1.6512604059969262E-002 9.3861892887994866E-005
    1.12e-2 -1.0906461207432086E-002 8.7159441012057910E-005 5.1637335393659662E-003 1.2450416234970716E-004 -1.6070194731932344E-002 9.4042171493305117E-005 -1.7180591896975888E-002 9.6832616130927796E-005
    1.17e-2 -1.1165311215709085E-002 1.0725385119042119E-004 5.4063808967837771E-003 1.5729234836726021E-004 -1.6571691957090916E-002 1.1617837054869099E-004 -1.7811418013090892E-002 1.1760835889955228E-004
    1.22e-2 -1.1186681038932137E-002 9.5383481213436128E-005 5.5620174651869808E-003 1.4018970948769536E-004 -1.6748698498887670E-002 1.0140529034397046E-004 -1.8039441592324811E-002 1.0258298928373593E-004
    1.28e-2 -1.1531882190140973E-002 9.5138028232418407E-005 5.9432800795612417E-003 1.3464331160338181E-004 -1.7475162164018451E-002 9.8231014311993527E-005 -1.8837119281394140E-002 1.0079360701433468E-004
    1.34e-2 -1.1564978849140027E-002 1.0471732796749417E-004 6.2998900745857844E-003 1.4363364532706021E-004 -1.7864868943490125E-002 1.0077147904176700E-004 -1.9399323915018692E-002 1.0319479932843299E-004
    1.40e-2 -1.2032548414109162E-002 1.0007352118553047E-004 6.4733902049200357E-003 1.4031771765153021E-004 -1.8505938609431054E-002 1.0445722230663319E-004 -2.0104839386981023E-002 1.0361450799686491E-004
    1.47e-2 -1.2105525464971574E-002 1.2695033449867704E-004 7.2336567110404763E-003 1.7470368429469034E-004 -1.9339182058948860E-002 1.2446843601381891E-004 -2.1100896984375023E-002 1.2355905780646987E-004
    1.54e-2 -1.2253551331778596E-002 1.1074659407951202E-004 7.5753432905381760E-003 1.5636548207014373E-004 -1.9828894792362887E-002 1.1749342585346049E-004 -2.1756969918503368E-002 1.1319958306542560E-004
    1.61e-2 -1.2422467719169654E-002 1.1302627309715757E-004 8.0032312867555026E-003 1.5967011302370148E-004 -2.0425698948231687E-002 1.1309926686779199E-004 -2.2471653037416744E-002 1.1276203810067140E-004
    1.70e-2 -1.2232865827744766E-002 3.3062338862924955E-004 9.1002639452306411E-003 3.4945928760144292E-004 -2.1333129896975930E-002 1.2133556690625361E-004 -2.3614432587391081E-002 1.1769430886564653E-004
    1.78e-2 -1.2728881277425877E-002 1.3052698218738934E-004 8.9978695823159493E-003 1.8145059494600012E-004 -2.1726750923986661E-002 1.3071373763620664E-004 -2.4171731289283693E-002 1.2574495462367328E-004
    1.86e-2 -1.2867264329245927E-002 1.3740159511893698E-004 9.6591781581423786E-003 1.9091069560348787E-004 -2.2526442561057982E-002 1.3501849679020090E-004 -2.5168823305571159E-002 1.2871137810303244E-004
    1.95e-2 -1.2671842945602569E-002 1.5488836402979724E-004 1.0535328610609752E-002 2.2538887423865741E-004 -2.3207171508895234E-002 1.5925236068729668E-004 -2.6205808406743199E-002 1.4845015586912656E-004
    2.04e-2 -1.3108498211081510E-002 1.3658529836827854E-004 1.0686338385904675E-002 1.9371098828795038E-004 -2.3794836670220382E-002 1.3560116538658871E-004 -2.6923001178882557E-002 1.2413557846939312E-004
    2.14e-2 -1.3030398654095358E-002 1.4530841040192517E-004 1.1593096679610450E-002 1.9989355898951514E-004 -2.4623495419784678E-002 1.4127503891505586E-004 -2.7875098487954823E-002 1.2877128556374457E-004
    2.24e-2 -1.3012086848723745E-002 1.4822640804287347E-004 1.2222548276044602E-002 2.0476901357221046E-004 -2.5234635059969247E-002 1.4365817187084596E-004 -2.8793361691440231E-002 1.3156115134599944E-004
    2.35e-2 -1.2866625858633119E-002 1.8507371532763294E-004 1.3771065933906446E-002 2.5738973510818267E-004 -2.6637691685611486E-002 1.7385794002722617E-004 -3.0275898956834472E-002 1.5876534933071337E-004
    2.46e-2 -1.2892912642504629E-002 1.8136417889316251E-004 1.4309636159975330E-002 2.3920241828281346E-004 -2.7202548881554611E-002 1.6554032926911256E-004 -3.1279889759407750E-002 1.4957911434624447E-004
    2.58e-2 -1.3138930060468389E-002 1.7529692576287139E-004 1.4876499286122457E-002 2.4161714744559617E-004 -2.8015429343397201E-002 1.6957831606074792E-004 -3.2353741393905205E-002 1.4930708121709403E-004
    2.70e-2 -1.2707740657478244E-002 1.7371775316872914E-004 1.6291434864072776E-002 2.3811167983605767E-004 -2.8999175661814470E-002 1.6514130740992615E-004 -3.3496983946694002E-002 1.4572662798926844E-004
    2.83e-2 -1.2877240945718921E-002 1.9209296014777324E-004 1.7001100050465765E-002 2.5448105980234231E-004 -2.9878341030931531E-002 1.7603483640615467E-004 -3.4928877260274063E-002 1.5017279464598303E-004
    2.97e-2 -1.2294891602603806E-002 1.8911640916925308E-004 1.8446036531578690E-002 2.5958522765409518E-004 -3.0740928132547436E-002 1.7545609877590089E-004 -3.6114251460789323E-002 1.5303968595848765E-004
    3.11e-2 -1.2611130959927148E-002 2.0812163995124363E-004 1.8752090949305494E-002 2.8333050393309766E-004 -3.1363221928853734E-002 1.9141829384865101E-004 -3.7465569937888181E-002 1.5835551532572832E-004
    3.26e-2 -1.1633802820199896E-002 2.0788831464631149E-004 2.1001099768528996E-002 2.8419024944534326E-004 -3.2634902709943618E-002 1.9011711672562893E-004 -3.8949437565351130E-002 1.5737766063507371E-004
    3.42e-2 -1.1584500787057930E-002 2.1942174556211511E-004 2.2012240782629432E-002 2.8718666244213802E-004 -3.3596741442029739E-002 1.9560828539449062E-004 -4.0559962485904641E-002 1.6439312557169474E-004
    3.59e-2 -1.1206161852886014E-002 2.6688708475237194E-004 2.3072501312626281E-002 3.6169872510045226E-004 -3.4278663137373766E-002 2.5233210861654612E-004 -4.1914436681096678E-002 2.0159713242624900E-004
    3.76e-2 -1.0069890917195064E-002 2.6302442722753275E-004 2.5540587032529510E-002 3.4224289081773905E-004 -3.5610477941371538E-002 2.2832770681312787E-004 -4.3540415632377760E-002 1.8074217334747612E-004
    3.94e-2 -9.0045601731108590E-003 2.7293439215987875E-004 2.7286948602675078E-002 3.5976242138649586E-004 -3.6291508768064022E-002 2.3824151917801312E-004 -4.4822236188637649E-002 1.8524948531480035E-004
    4.13e-2 -8.7522930351927302E-003 2.6972917043576307E-004 2.8929167277150163E-002 3.5764433804298239E-004 -3.7681460223475148E-002 2.3572191591686624E-004 -4.6838769113275135E-002 1.8233889961656209E-004
    4.33e-2 -7.4026249344474717E-003 2.8988232976778761E-004 3.1572251164156823E-002 3.7819009585553318E-004 -3.8974875957047656E-002 2.4746568495364110E-004 -4.8693647647360283E-002 1.8743736885760260E-004
    4.54e-2 -6.9527451173244459E-003 3.0055650289563068E-004 3.2729083922860079E-002 3.9869535639078615E-004 -3.9681829220912380E-002 2.6774257120484608E-004 -5.0280651522296306E-002 1.9269850457802445E-004
    4.76e-2 -5.6373057302818970E-003 3.2531817737252200E-004 3.5495155087357205E-002 4.2240156963012853E-004 -4.1132460794981347E-002 2.6587755724073525E-004 -5.2216733902829757E-002 2.0409167193806944E-004
    4.99e-2 -5.0295666854638663E-003 3.2781279631483029E-004 3.7034040062327009E-002 4.2701141896741115E-004 -4.2063606776678711E-002 2.8252565968057383E-004 -5.4107980230651005E-002 2.0057787106195381E-004
    5.23e-2 -3.2381230797166516E-003 4.1643820934543100E-004 3.9696930132083669E-002 5.3238043820398497E-004 -4.2935053129776433E-002 3.3837762189295570E-004 -5.5724891088680575E-002 2.4746863487725779E-004
    5.49e-2 -7.3832832927831957E-004 3.8643446913415059E-004 4.3483215456816951E-002 4.9502823534863555E-004 -4.4221543846694168E-002 3.0013439869519586E-004 -5.8081156919528393E-002 2.1159576090214091E-004
    5.76e-2 1.6302785117531505E-003 3.9013384309080607E-004 4.6868887007483248E-002 4.9357606085106964E-004 -4.5238608416863155E-002 3.0959987911480138E-004 -5.9920432706304504E-002 2.1905921978443747E-004
    6.00e-3 -8.3325139076370972E-003 1.2485525351637193E-004 2.3187537303782724E-003 1.4289559244642981E-004 -1.0651267644592509E-002 7.2064176556889666E-005 -1.0976223764377223E-002 7.6126039414606015E-005
    6.04e-2 3.4585829083093552E-003 3.1221937107305339E-004 5.0077840339966762E-002 3.9912491624317302E-004 -4.6619257737684050E-002 2.4748823103695939E-004 -6.2640818378228366E-002 1.6755090413495910E-004
    6.30e-3 -8.0216462546898980E-003 3.5550660395913998E-004 2.8971850930620152E-003 3.6093486071714869E-004 -1.0918831234546383E-002 7.1760402637403376E-005 -1.1262093415222980E-002 7.5305232444852359E-005
    6.34e-2 6.6047353529047051E-003 4.6381416790044501E-004 5.4866304395235384E-002 5.9186087769551180E-004 -4.8261568863011924E-002 3.6347684868244106E-004 -6.4976716471923004E-002 2.4989460152103320E-004
    6.60e-3 -8.9185180607380832E-003 6.4540026163513049E-005 2.2619993988754494E-003 9.7560472058046699E-005 -1.1180517506048166E-002 7.4244230949288640E-005 -1.1563475922860075E-002 7.7741280642186465E-005
    6.65e-2 8.2590623813454511E-003 4.6762418858072187E-004 5.6561807832234828E-002 5.8065607585174180E-004 -4.8302745634495173E-002 3.7337963928552574E-004 -6.7244141399282309E-002 2.3773541906474275E-004
    6.90e-3 -8.9472187549357058E-003 1.1825078579217540E-004 2.5605639283391491E-003 1.4791484063532786E-004 -1.1507782777142863E-002 9.0296548713200911E-005 -1.1922521497142876E-002 9.3650972167977101E-005
    6.98e-2 1.1933035954964435E-002 5.2234738815472965E-004 6.0959282628960526E-002 6.5028991075575008E-004 -4.9026246535297392E-002 4.0248450202497995E-004 -6.9085481567537479E-002 2.6226157301540120E-004
    7.20e-3 -9.2426262783146008E-003 8.1233385176117455E-005 2.5336338788224731E-003 1.1290993759890128E-004 -1.1776260291179796E-002 8.0342382536248078E-005 -1.2265357354269675E-002 8.4122688998229989E-005
    7.32e-2 1.4757670485807990E-002 5.4568435987620550E-004 6.5118664818026792E-002 6.6991575769710209E-004 -5.0360994088906666E-002 4.1446587678741902E-004 -7.2140040335999966E-002 2.6139628281447887E-004
    7.50e-3 -9.3155678973346877E-003 6.8489527940813111E-005 2.9324988333578710E-003 1.0164082376207178E-004 -1.2248066670169104E-002 7.9979528449044683E-005 -1.2788399057406459E-002 8.4164222196249033E-005
    7.80e-3 -9.4863052165556055E-003 6.9298020784916485E-005 3.0436388717432076E-003 1.0449487721585909E-004 -1.2529944087442324E-002 8.0828854375061373E-005 -1.3057980781855449E-002 8.4189296507234160E-005
    8.10e-3 -9.6354773350415222E-003 7.6360636935199266E-005 3.2464674771902368E-003 1.1143793779792620E-004 -1.2881944731425364E-002 8.3013788607228428E-005 -1.3503301203703711E-002 8.7374916221071648E-005
    8.50e-3 -9.8931037747357203E-003 7.5858510314612078E-005 3.4361573353895352E-003 1.1007360220088128E-004 -1.3329261053382663E-002 8.4159103737150778E-005 -1.3989025838266396E-002 8.8658015954954728E-005
    8.90e-3 -9.9170862984507072E-003 8.7088489067315200E-005 3.8152336852154923E-003 1.3648332030014094E-004 -1.3732320092957736E-002 1.0251798543725025E-004 -1.4458307525352154E-002 1.0698385363633773E-004
    9.30e-3 -1.0342771001543318E-002 7.6182982693905507E-005 3.8734656272306437E-003 1.1385247017553084E-004 -1.4216236612967710E-002 8.6137148676255937E-005 -1.4961922306509478E-002 8.8635699689155282E-005
    9.70e-3 -1.0240558335611143E-002 9.0391383283879172E-005 4.1469621642172966E-003 1.3399203896039506E-004 -1.4387520343102218E-002 1.0249212002465189E-004 -1.5222744912080048E-002 1.0545068785149709E-004
