    1.02e-2 -9.1774520311065557E-003 7.7879186328984323E-005 4.3501714492794616E-003 1.1247036113253928E-004 -1.3527623588574351E-002 8.4437108953496444E-005 -1.4709603893463709E-002 8.6291218356827023E-005 -1.7669165495625321E-003 8.4437828793014868E-006
    1.20e-1 9.8624587524444460E-002 2.9291660929505730E-003 0.14470928022222224 3.5236549066937533E-003 -4.6084690919555547E-002 1.8090141205479033E-003 -9.5942354577777764E-002 1.0377575908438166E-003 -2.5737398711111120E-002 1.7414690222405122E-004
    1.25e-2 -9.7279132367965159E-003 8.8941553091294350E-005 5.8228788572234694E-003 1.3010007521802882E-004 -1.5550792033828800E-002 9.4998261103048024E-005 -1.7200041046130196E-002 9.4208573518235239E-005 -2.1416024572014315E-003 9.4755601435796758E-006
    1.35e-1 0.12621242094488186 3.1157764531329910E-003 0.16791031677165369 3.7878878103098468E-003 -4.1697896185039378E-002 2.0172259856738720E-003 -0.10219281551181109 1.0015077772547122E-003 -2.9700568779527550E-002 1.7112033340354777E-004
    1.5e-1 0.15465495222828579 2.6418805912360186E-003 0.19683709189589882 3.0514423422002457E-003 -4.2182139126708693E-002 1.6080948985597431E-003 -0.10970606078864344 7.6921959573314936E-004 -3.3451807592008435E-002 1.0821376383829002E-004
    1.5e-2 -1.0159302056981026E-002 1.0280114650249072E-004 7.1843998256063612E-003 1.5029721581690843E-004 -1.7343702017426969E-002 1.0789444660599049E-004 -1.9610737851870810E-002 1.0424045480548190E-004 -2.5597466242952252E-003 1.1079194927212218E-005
    1.79e-2 -1.0546512638928777E-002 1.1984578953491034E-004 8.8946224811793841E-003 1.6892421170890457E-004 -1.9441134997744743E-002 1.1688090680931925E-004 -2.2525210686314728E-002 1.0953797138932417E-004 -3.0580378898001060E-003 1.1911924407339790E-005
    2.08e-2 -9.9620144590056494E-003 1.3571467745394995E-004 1.1670579727923619E-002 1.8846245347914250E-004 -2.1632594150589424E-002 1.2951457945221872E-004 -2.5486475570989240E-002 1.1895372875399946E-004 -3.5921886965658602E-003 1.3571860109365425E-005
    2.37e-2 -9.9128692589902506E-003 1.5432880480599251E-004 1.3520691009373127E-002 2.1143096894453634E-004 -2.3433560292875442E-002 1.4130185395344098E-004 -2.8154372111737644E-002 1.2268595164658050E-004 -4.1199848185545880E-003 1.4798196357832849E-005
    2.66e-2 -9.2094306434648884E-003 1.7003212033786738E-004 1.6298082000225523E-002 2.3022101305589425E-004 -2.5507512684161952E-002 1.5801879629997385E-004 -3.0978797006663249E-002 1.3144355792239377E-004 -4.6307905330599643E-003 1.5477015128187485E-005
    2.66e-3 -5.5139045476678607E-003 4.0451733702766995E-005 1.1128884288780119E-003 8.9152374540997192E-005 -6.6267929405228031E-003 7.9174404737960037E-005 -6.7290156709379845E-003 8.3487946803048447E-005 -5.9234035704766835E-004 5.7503497666749863E-006
    3.00e-2 -8.5390823062942069E-003 2.0148594913907013E-004 1.8758451811250663E-002 2.6455722153977059E-004 -2.7297534111071265E-002 1.7283130905110678E-004 -3.3926379830855953E-002 1.4426580587235640E-004 -5.2798403777549957E-003 1.6658407236682712E-005
    3.33e-2 -7.0012279638170154E-003 2.1853008880965159E-004 2.2154332407859533E-002 2.8206558499062063E-004 -2.9155560317426978E-002 1.9379152615772697E-004 -3.6834741824705301E-002 1.5214075906715436E-004 -5.8949154305484256E-003 1.8090846965339068E-005
    3.70e-2 -5.2948610280163936E-003 2.4488826681744739E-004 2.5859864942331820E-002 3.1775808299414093E-004 -3.1154726047503835E-002 2.0705937150426764E-004 -4.0055408626345455E-002 1.6303962512402597E-004 -6.5881069169656647E-003 1.9503291745930948E-005
    4.00e-3 -6.5227464969246666E-003 5.4869537563010401E-005 1.0034506445048700E-003 7.9251801984583253E-005 -7.5261971934905171E-003 5.8434039208903366E-005 -7.7494148593541664E-003 6.2366031700692993E-005 -7.8011511783700606E-004 5.1732700721283043E-006
    4.20e-2 -2.3530258297982539E-003 3.2370049428395232E-004 3.0525299534687276E-002 4.2425251206510892E-004 -3.2878325363618045E-002 2.7867688258777473E-004 -4.3936205474108925E-002 1.9873193496175719E-004 -7.6095561546738518E-003 2.4464823664132096E-005
    4.70e-2 7.5252049809829103E-004 3.1699582773873322E-004 3.5918586178082211E-002 4.0840599573602134E-004 -3.5166065813194425E-002 2.6948823050729795E-004 -4.7746188669871722E-002 1.8630395934512783E-004 -8.5969979663461475E-003 2.3262514682689570E-005
    5.00e-2 3.0293693044382355E-003 3.3155121769507710E-004 3.9807830958124069E-002 4.2222211573889583E-004 -3.6778461535571523E-002 2.7098323065870945E-004 -5.0506870210148685E-002 1.8762525206839748E-004 -9.2376044413121586E-003 2.3654906474763430E-005
    5.00e-3 -6.8880617213527805E-003 7.6323957800484765E-005 1.7176989987121992E-003 1.0252052204629464E-004 -8.6057606994694880E-003 6.9143335929148944E-005 -8.9239651661803671E-003 7.4048061690606623E-005 -9.3311664748010632E-004 6.3887658056609797E-006
    5.00e-4 -1.1829526086568358E-003 7.1666834102222798E-005 -3.9102231964879236E-005 1.2137237088890083E-004 -1.1438504117265412E-003 9.5438432485057061E-005 -1.2401238857747978E-003 1.2054611519781108E-004 -6.6945395888740061E-005 9.2833802113138005E-006
    5.32e-3 -7.1621442589809509E-003 5.3465751174213506E-005 1.7691702551635108E-003 8.1168993888681187E-005 -8.9313145500771966E-003 6.2814929774492070E-005 -9.3193341497684080E-003 6.7066787757855012E-005 -9.9598903633556419E-004 6.0101718404040567E-006
    5.50e-2 8.0854282803253345E-003 4.3773692809197500E-004 4.6587762556220901E-002 5.5135221405034794E-004 -3.8502334088090479E-002 3.4482646812223391E-004 -5.3953242900864985E-002 2.2954222021852249E-004 -1.0220957423819017E-002 2.8309282067807174E-005
    6.00e-2 1.1791819776616615E-002 4.2103250342571193E-004 5.1910290637570418E-002 5.3540471586834958E-004 -4.0118470680420293E-002 3.2986376389984400E-004 -5.8009349302921613E-002 2.1834921210734211E-004 -1.1333498943106113E-002 2.6388036617688596E-005
    6.00e-3 -7.3715067566273709E-003 1.1290841269983908E-004 2.1800733768052275E-003 1.3257335974599502E-004 -9.5515801358790377E-003 6.6548260354893935E-005 -1.0020532446437715E-002 6.9894112129811951E-005 -1.1003259435674007E-003 6.2022348440003230E-006
    6.50e-2 1.8872405428765393E-002 4.9530322902856412E-004 5.9822994171175724E-002 6.2788583663939482E-004 -4.0950588695813195E-002 3.7821724416510147E-004 -6.1722521175523279E-002 2.3343688170904888E-004 -1.2519550265163715E-002 3.0289008137247157E-005
    6.66e-4 -1.2774126491818822E-003 5.5285942632538686E-005 -1.7455888199585060E-004 7.5988360487037171E-005 -1.1028537509668048E-003 5.2743019340989801E-005 -1.1021374582130007E-003 6.5468523616240120E-005 -5.4369952405255959E-005 4.9559154287693311E-006
    7.00e-2 2.2936146884746274E-002 5.2147140559519981E-004 6.4820356987339858E-002 6.5245542487072023E-004 -4.1884210200271658E-002 3.9282304605924218E-004 -6.4502580799590009E-002 2.3318157983078251E-004 -1.3557170404408002E-002 3.1075497983246134E-005
    7.00e-3 -7.9283082166632587E-003 6.3714422155036602E-005 2.4621710594613052E-003 9.4776867154621711E-005 -1.0390479222860101E-002 6.9825007245485221E-005 -1.1065452542285956E-002 7.3692191716559185E-005 -1.2688514926704260E-003 7.0493373549493149E-006
    7.50e-2 2.9818047791015673E-002 5.7787969734633281E-004 7.2621518436466803E-002 7.0767972544995099E-004 -4.2803470582144704E-002 4.1821203234787807E-004 -6.8162196401944833E-002 2.4636789050856624E-004 -1.4729455472717463E-002 3.1968266545981389E-005
    8.00e-3 -8.4299827354689869E-003 7.5055212313171159E-005 3.0233174038313691E-003 1.0703797754799237E-004 -1.1453300316622285E-002 7.4659150224664432E-005 -1.2238235368016392E-002 7.6575745310069322E-005 -1.4191599301896479E-003 7.2803189169195593E-006
    8.25e-2 3.8160628307293595E-002 6.2518323568897308E-004 8.1992092592773125E-002 7.7570590275378927E-004 -4.3831464141260802E-002 4.5373546260183350E-004 -7.2735934997436968E-002 2.5286797541102684E-004 -1.6445970717580752E-002 3.3288518870306825E-005
    9.00e-3 -8.2910847422362263E-003 4.0603111726000401E-004 4.0429092706767110E-003 4.1277448716176847E-004 -1.2333993988055715E-002 8.7133078467986931E-005 -1.3307964605839419E-002 8.9972630665294048E-005 -1.5772838648307893E-003 9.1800437595899206E-006
    9.50e-2 5.6601327624055849E-002 7.4692652069016652E-004 0.10280488548692945 8.8754075702327721E-004 -4.6203557431266008E-002 5.1304994996506734E-004 -8.0742176832393611E-002 2.8050565828465060E-004 -1.9371564033828819E-002 3.8117885660602380E-005
    3.70e-2 -5.2948610280163936E-003 2.4488826681744739E-004 2.5859864942331820E-002 3.1775808299414093E-004 -3.1154726047503835E-002 2.0705937150426764E-004 -4.0055408626345455E-002 1.6303962512402597E-004 -6.5881069169656647E-003 1.9503291745930948E-005
    4.20e-2 -2.0771090223410046E-003 2.8306238319311932E-004 3.0891448808067618E-002 3.6984622705423567E-004 -3.2968557789697601E-002 2.4220655634840874E-004 -4.4012514300358789E-002 1.7139690742796264E-004 -7.6089431778575151E-003 2.1175582663734013E-005
    4.70e-2 7.1924052651973439E-004 3.1132999969941553E-004 3.5793082031353077E-002 4.0300562000020142E-004 -3.5073841633675017E-002 2.6458016291443486E-004 -4.7655241829830761E-002 1.8297647933230234E-004 -8.5966919595079315E-003 2.2753890938592752E-005
    5.00e-3 -6.9322476011276189E-003 6.4420255386300239E-005 1.6012534483018962E-003 8.9472238067516587E-005 -8.5335009886212242E-003 6.1899271967621843E-005 -8.8620365830856026E-003 6.6172303445023573E-005 -9.3249259846232770E-004 5.6044416705899007E-006
    5.50e-2 8.1489411397267942E-003 3.8453354285876461E-004 4.6448664740133296E-002 4.8486231631997295E-004 -3.8299723457355217E-002 3.0633864629411905E-004 -5.3775080174269685E-002 2.0473776203836329E-004 -1.0217957144541229E-002 2.4739478729890143E-005
    6.00e-3 -7.3715067566273709E-003 1.1290841269983908E-004 2.1800733768052275E-003 1.3257335974599502E-004 -9.5515801358790377E-003 6.6548260354893935E-005 -1.0020532446437715E-002 6.9894112129811951E-005 -1.1003259435674007E-003 6.2022348440003230E-006
    6.50e-2 1.8653472890666278E-002 4.8177695080568522E-004 5.9603668661609606E-002 6.1199677168841181E-004 -4.0950195690056389E-002 3.6827285134076666E-004 -6.1638956263454565E-002 2.2727520918826535E-004 -1.2504410622244997E-002 2.9493252681430332E-005
    7.00e-3 -7.9283082166632587E-003 6.3714422155036602E-005 2.4621710594613052E-003 9.4776867154621711E-005 -1.0390479222860101E-002 6.9825007245485221E-005 -1.1065452542285956E-002 7.3692191716559185E-005 -1.2688514926704260E-003 7.0493373549493149E-006
    7.50e-2 2.9807484179745797E-002 5.6326364346014589E-004 7.2737569517119446E-002 6.9093237254171992E-004 -4.2930085270912278E-002 4.0710297377681044E-004 -6.8229360538185527E-002 2.3824519179272712E-004 -1.4729992368016415E-002 3.1056153112358277E-005
    8.00e-3 -8.4299827354689869E-003 7.5055212313171159E-005 3.0233174038313691E-003 1.0703797754799237E-004 -1.1453300316622285E-002 7.4659150224664432E-005 -1.2238235368016392E-002 7.6575745310069322E-005 -1.4191599301896479E-003 7.2803189169195593E-006
    9.00e-3 -8.3461038929523342E-003 3.1582337932600498E-004 4.0118468555713997E-003 3.2306871200565737E-004 -1.2357950741670924E-002 7.5832407603725594E-005 -1.3312812321886214E-002 7.8613761367091187E-005 -1.5697837228600710E-003 8.0664382990891668E-006
