# a_s  n_c_best_possible_fit  rho_min_x  rho_max_x  alpha  alpha_opt  beta  gamma  min_energy  
110.00  1.03011e+04  4.000e-01 1.500e+00 1.78315e+00 3.35523e-01 1.60807e+01 2.12099e+00    
101.57  8.34385e+03  4.000e-01 1.500e+00 1.64653e+00 2.23369e-01 2.78755e+00 1.56065e+00    
90.00  1.12713e+03  4.000e-01 1.500e+00 1.45894e+00 4.54184e-01 2.48778e+01 2.47710e+00    
80.00  1.01442e+03  4.000e-01 1.500e+00 1.29684e+00 3.23312e-01 2.38292e+00 1.61644e+00    
70.00  6.65559e+02  4.000e-01 1.500e+00 1.13473e+00 3.13610e-01 1.81938e+00 1.52428e+00    
60.00  2.08860e+02  4.000e-01 1.500e+00 9.72629e-01 5.34845e-01 2.99622e+00 1.99462e+00    
110.00  1.74449e+04  4.000e-01 1.700e+00 1.78315e+00 2.57444e-01 4.94003e+00 1.73385e+00    
101.57  6.08267e+03  4.000e-01 1.700e+00 1.64653e+00 2.86357e-01 4.02856e+00 1.71416e+00    
90.00  1.39152e+03  4.000e-01 1.700e+00 1.45894e+00 3.97543e-01 5.92119e+00 1.96617e+00    
80.00  9.12976e+02  4.000e-01 1.700e+00 1.29684e+00 3.50908e-01 2.73442e+00 1.68663e+00    
70.00  5.39103e+02  4.000e-01 1.700e+00 1.13473e+00 3.56578e-01 2.03396e+00 1.60242e+00    
60.00  2.08860e+02  4.000e-01 1.700e+00 9.72629e-01 5.40899e-01 3.21461e+00 2.03237e+00    
110.00  1.74449e+04  4.000e-01 1.900e+00 1.78315e+00 2.63680e-01 5.19959e+00 1.75291e+00    
101.57  6.08267e+03  4.000e-01 1.900e+00 1.64653e+00 2.90502e-01 4.17612e+00 1.72781e+00    
90.00  1.25237e+03  4.000e-01 1.900e+00 1.45894e+00 4.17179e-01 8.12779e+00 2.08791e+00    
80.00  9.12976e+02  4.000e-01 1.900e+00 1.29684e+00 3.59805e-01 2.87456e+00 1.71169e+00    
70.00  4.85193e+02  4.000e-01 1.900e+00 1.13473e+00 3.84183e-01 2.24143e+00 1.66446e+00    
60.00  2.08860e+02  4.000e-01 1.900e+00 9.72629e-01 5.30516e-01 2.88833e+00 1.97267e+00    
110.00  1.74449e+04  4.000e-01 2.100e+00 1.78315e+00 2.63680e-01 5.19959e+00 1.75291e+00    
101.57  7.50947e+03  4.000e-01 2.100e+00 1.64653e+00 2.47602e-01 3.25110e+00 1.62070e+00    
90.00  1.54613e+03  4.000e-01 2.100e+00 1.45894e+00 3.77453e-01 4.78518e+00 1.87629e+00    
80.00  9.12976e+02  4.000e-01 2.100e+00 1.29684e+00 3.71819e-01 3.06936e+00 1.74570e+00    
70.00  5.99003e+02  4.000e-01 2.100e+00 1.13473e+00 3.35092e-01 1.94858e+00 1.56634e+00    
60.00  2.08860e+02  4.000e-01 2.100e+00 9.72629e-01 5.33513e-01 2.96732e+00 1.98835e+00    
110.00  2.15369e+04  4.000e-01 2.300e+00 1.78315e+00 2.24268e-01 4.01124e+00 1.65087e+00    
101.57  6.75852e+03  4.000e-01 2.300e+00 1.64653e+00 2.58564e-01 3.42547e+00 1.64437e+00    
90.00  1.71793e+03  4.000e-01 2.300e+00 1.45894e+00 3.62384e-01 4.17795e+00 1.81782e+00    
80.00  9.12976e+02  4.000e-01 2.300e+00 1.29684e+00 3.71819e-01 3.06936e+00 1.74570e+00    
70.00  5.39103e+02  4.000e-01 2.300e+00 1.13473e+00 3.55896e-01 2.04767e+00 1.60368e+00    
60.00  2.08860e+02  4.000e-01 2.300e+00 9.72629e-01 5.30403e-01 2.89354e+00 1.97309e+00    
110.00  2.65888e+04  4.000e-01 2.500e+00 1.78315e+00 1.97927e-01 3.54858e+00 1.59827e+00    
101.57  6.08267e+03  4.000e-01 2.500e+00 1.64653e+00 2.80550e-01 3.85180e+00 1.69649e+00    
90.00  1.90881e+03  4.000e-01 2.500e+00 1.45894e+00 3.40117e-01 3.57639e+00 1.74668e+00    
80.00  8.21678e+02  4.000e-01 2.500e+00 1.29684e+00 3.84442e-01 3.29683e+00 1.78311e+00    
70.00  4.85193e+02  4.000e-01 2.500e+00 1.13473e+00 3.92600e-01 2.27711e+00 1.67974e+00    
60.00  2.32066e+02  4.000e-01 2.500e+00 9.72629e-01 5.17717e-01 2.66687e+00 1.91973e+00    
110.00  2.39299e+04  4.000e-01 2.700e+00 1.78315e+00 2.15698e-01 3.83034e+00 1.63197e+00    
101.57  6.08267e+03  4.000e-01 2.700e+00 1.64653e+00 2.81033e-01 3.87238e+00 1.69837e+00    
90.00  1.90881e+03  4.000e-01 2.700e+00 1.45894e+00 3.28445e-01 3.35113e+00 1.71507e+00    
80.00  8.21678e+02  4.000e-01 2.700e+00 1.29684e+00 3.84442e-01 3.29683e+00 1.78311e+00    
70.00  4.85193e+02  4.000e-01 2.700e+00 1.13473e+00 3.92600e-01 2.27711e+00 1.67974e+00    
60.00  2.32066e+02  4.000e-01 2.700e+00 9.72629e-01 5.09245e-01 2.54796e+00 1.88822e+00    
110.00  1.93832e+04  4.000e-01 2.900e+00 1.78315e+00 2.46132e-01 4.44383e+00 1.69643e+00    
101.57  6.08267e+03  4.000e-01 2.900e+00 1.64653e+00 2.73030e-01 3.71720e+00 1.67960e+00    
90.00  1.90881e+03  4.000e-01 2.900e+00 1.45894e+00 3.34691e-01 3.45890e+00 1.73102e+00    
80.00  8.21678e+02  4.000e-01 2.900e+00 1.29684e+00 3.84442e-01 3.29683e+00 1.78311e+00    
70.00  4.85193e+02  4.000e-01 2.900e+00 1.13473e+00 3.92600e-01 2.27711e+00 1.67974e+00    
60.00  2.32066e+02  4.000e-01 2.900e+00 9.72629e-01 4.71984e-01 2.20502e+00 1.77696e+00    
110.00  1.03011e+04  5.000e-01 1.500e+00 1.78315e+00 3.48204e-01 2.04777e+01 2.20019e+00    
101.57  2.65888e+04  5.000e-01 1.500e+00 1.64653e+00 1.19326e-02 2.03768e+00 1.34761e+00    
90.00  1.39152e+03  5.000e-01 1.500e+00 1.45894e+00 4.07745e-01 9.82520e+00 2.12787e+00    
80.00  8.21678e+02  5.000e-01 1.500e+00 1.29684e+00 3.91198e-01 3.22857e+00 1.78412e+00    
70.00  5.47440e+03  5.000e-01 1.500e+00 1.13473e+00 -2.63399e-01 1.78153e+00 1.20707e+00    
60.00  2.32066e+02  5.000e-01 1.500e+00 9.72629e-01 5.13262e-01 2.62306e+00 1.90766e+00    
110.00  1.74449e+04  5.000e-01 1.700e+00 1.78315e+00 2.55096e-01 4.87401e+00 1.72824e+00    
101.57  7.50947e+03  5.000e-01 1.700e+00 1.64653e+00 2.50080e-01 3.42727e+00 1.63778e+00    
90.00  2.35655e+03  5.000e-01 1.700e+00 1.45894e+00 2.73049e-01 2.95399e+00 1.62836e+00    
80.00  8.21678e+02  5.000e-01 1.700e+00 1.29684e+00 3.94808e-01 3.34106e+00 1.79902e+00    
70.00  9.12976e+02  5.000e-01 1.700e+00 1.13473e+00 2.07187e-01 1.72001e+00 1.42211e+00    
60.00  2.08860e+02  5.000e-01 1.700e+00 9.72629e-01 5.30282e-01 3.01210e+00 1.98883e+00    
110.00  1.74449e+04  5.000e-01 1.900e+00 1.78315e+00 2.63046e-01 5.18108e+00 1.75140e+00    
101.57  6.75852e+03  5.000e-01 1.900e+00 1.64653e+00 2.65378e-01 3.72938e+00 1.67386e+00    
90.00  1.54613e+03  5.000e-01 1.900e+00 1.45894e+00 3.61409e-01 5.02272e+00 1.87250e+00    
80.00  8.21678e+02  5.000e-01 1.900e+00 1.29684e+00 3.89960e-01 3.24323e+00 1.78372e+00    
70.00  5.99003e+02  5.000e-01 1.900e+00 1.13473e+00 3.29283e-01 2.01532e+00 1.57340e+00    
60.00  2.32066e+02  5.000e-01 1.900e+00 9.72629e-01 5.16182e-01 2.70064e+00 1.92330e+00    
110.00  1.74449e+04  5.000e-01 2.100e+00 1.78315e+00 2.63046e-01 5.18108e+00 1.75140e+00    
101.57  9.27095e+03  5.000e-01 2.100e+00 1.64653e+00 1.98832e-01 2.87428e+00 1.54952e+00    
90.00  2.35655e+03  5.000e-01 2.100e+00 1.45894e+00 2.78686e-01 3.09362e+00 1.64630e+00    
80.00  8.21678e+02  5.000e-01 2.100e+00 1.29684e+00 3.97061e-01 3.39007e+00 1.80639e+00    
70.00  7.39510e+02  5.000e-01 2.100e+00 1.13473e+00 2.55000e-01 1.81023e+00 1.47398e+00    
60.00  2.08860e+02  5.000e-01 2.100e+00 9.72629e-01 5.24631e-01 2.85702e+00 1.95899e+00    
110.00  2.39299e+04  5.000e-01 2.300e+00 1.78315e+00 2.15646e-01 3.89100e+00 1.63614e+00    
101.57  8.34385e+03  5.000e-01 2.300e+00 1.64653e+00 2.23620e-01 3.10498e+00 1.58924e+00    
90.00  2.35655e+03  5.000e-01 2.300e+00 1.45894e+00 2.69012e-01 2.98750e+00 1.62768e+00    
80.00  8.21678e+02  5.000e-01 2.300e+00 1.29684e+00 3.97061e-01 3.39007e+00 1.80639e+00    
70.00  6.65559e+02  5.000e-01 2.300e+00 1.13473e+00 3.08771e-01 1.93616e+00 1.54120e+00    
60.00  2.08860e+02  5.000e-01 2.300e+00 9.72629e-01 5.21630e-01 2.80105e+00 1.94631e+00    
110.00  2.65888e+04  5.000e-01 2.500e+00 1.78315e+00 1.85672e-01 3.44018e+00 1.58135e+00    
101.57  6.75852e+03  5.000e-01 2.500e+00 1.64653e+00 2.65854e-01 3.66949e+00 1.67014e+00    
90.00  2.61839e+03  5.000e-01 2.500e+00 1.45894e+00 2.38085e-01 2.72955e+00 1.57590e+00    
80.00  7.39510e+02  5.000e-01 2.500e+00 1.29684e+00 4.07260e-01 3.61241e+00 1.83950e+00    
70.00  5.39103e+02  5.000e-01 2.500e+00 1.13473e+00 3.72284e-01 2.19804e+00 1.64615e+00    
60.00  2.32066e+02  5.000e-01 2.500e+00 9.72629e-01 5.03013e-01 2.55330e+00 1.88069e+00    
110.00  2.39299e+04  5.000e-01 2.700e+00 1.78315e+00 2.08642e-01 3.75608e+00 1.62149e+00    
101.57  6.75852e+03  5.000e-01 2.700e+00 1.64653e+00 2.68340e-01 3.72185e+00 1.67622e+00    
90.00  2.90932e+03  5.000e-01 2.700e+00 1.45894e+00 2.29104e-01 2.67211e+00 1.56271e+00    
80.00  7.39510e+02  5.000e-01 2.700e+00 1.29684e+00 4.07260e-01 3.61241e+00 1.83950e+00    
70.00  5.39103e+02  5.000e-01 2.700e+00 1.13473e+00 3.72284e-01 2.19804e+00 1.64615e+00    
60.00  2.32066e+02  5.000e-01 2.700e+00 9.72629e-01 4.92567e-01 2.44707e+00 1.84854e+00    
110.00  1.93832e+04  5.000e-01 2.900e+00 1.78315e+00 2.45256e-01 4.43058e+00 1.69492e+00    
101.57  6.75852e+03  5.000e-01 2.900e+00 1.64653e+00 2.57487e-01 3.55929e+00 1.65435e+00    
90.00  2.35655e+03  5.000e-01 2.900e+00 1.45894e+00 2.60905e-01 2.88769e+00 1.61094e+00    
80.00  7.39510e+02  5.000e-01 2.900e+00 1.29684e+00 4.07260e-01 3.61241e+00 1.83950e+00    
70.00  5.39103e+02  5.000e-01 2.900e+00 1.13473e+00 3.72284e-01 2.19804e+00 1.64615e+00    
60.00  2.57851e+02  5.000e-01 2.900e+00 9.72629e-01 4.38566e-01 2.10889e+00 1.71903e+00    
110.00  7.50947e+03  6.000e-01 1.500e+00 1.78315e+00 3.94321e-01 6.88724e+01 2.58587e+00    
101.57  9.41432e+04  6.000e-01 1.500e+00 1.64653e+00 -1.83368e-01 1.97690e+00 1.25880e+00    
90.00  1.25237e+03  6.000e-01 1.500e+00 1.45894e+00 4.12392e-01 1.04982e+01 2.15404e+00    
80.00  7.39510e+02  6.000e-01 1.500e+00 1.29684e+00 4.13091e-01 3.77919e+00 1.86119e+00    
70.00  6.75852e+03  6.000e-01 1.500e+00 1.13473e+00 -3.03126e-01 1.81050e+00 1.19887e+00    
60.00  2.08860e+02  6.000e-01 1.500e+00 9.72629e-01 5.64135e-01 3.73197e+00 2.13333e+00    
110.00  1.57004e+04  6.000e-01 1.700e+00 1.78315e+00 2.74682e-01 5.46894e+00 1.77625e+00    
101.57  6.08267e+03  6.000e-01 1.700e+00 1.64653e+00 2.84220e-01 3.94452e+00 1.70617e+00    
90.00  3.59175e+03  6.000e-01 1.700e+00 1.45894e+00 1.71427e-01 2.40264e+00 1.49187e+00    
80.00  8.21678e+02  6.000e-01 1.700e+00 1.29684e+00 3.99744e-01 3.45794e+00 1.81609e+00    
70.00  6.65559e+02  6.000e-01 1.700e+00 1.13473e+00 3.00737e-01 1.84268e+00 1.51702e+00    
60.00  2.08860e+02  6.000e-01 1.700e+00 9.72629e-01 5.65297e-01 3.80213e+00 2.14274e+00    
110.00  1.57004e+04  6.000e-01 1.900e+00 1.78315e+00 2.80059e-01 5.71289e+00 1.79284e+00    
101.57  6.08267e+03  6.000e-01 1.900e+00 1.64653e+00 2.93044e-01 4.19576e+00 1.73131e+00    
90.00  1.71793e+03  6.000e-01 1.900e+00 1.45894e+00 3.52627e-01 4.76427e+00 1.84699e+00    
80.00  8.21678e+02  6.000e-01 1.900e+00 1.29684e+00 3.87069e-01 3.21781e+00 1.77803e+00    
70.00  4.85193e+02  6.000e-01 1.900e+00 1.13473e+00 3.88004e-01 2.24417e+00 1.66861e+00    
60.00  2.08860e+02  6.000e-01 1.900e+00 9.72629e-01 5.42062e-01 3.05291e+00 2.01370e+00    
110.00  1.57004e+04  6.000e-01 2.100e+00 1.78315e+00 2.80059e-01 5.71289e+00 1.79284e+00    
101.57  9.27095e+03  6.000e-01 2.100e+00 1.64653e+00 1.91791e-01 2.83573e+00 1.54086e+00    
90.00  2.90932e+03  6.000e-01 2.100e+00 1.45894e+00 2.21655e-01 2.72281e+00 1.56332e+00    
80.00  8.21678e+02  6.000e-01 2.100e+00 1.29684e+00 3.97671e-01 3.40846e+00 1.80900e+00    
70.00  6.65559e+02  6.000e-01 2.100e+00 1.13473e+00 2.93750e-01 1.85785e+00 1.51354e+00    
60.00  2.08860e+02  6.000e-01 2.100e+00 9.72629e-01 5.44174e-01 3.10740e+00 2.02434e+00    
110.00  2.39299e+04  6.000e-01 2.300e+00 1.78315e+00 2.12115e-01 3.84669e+00 1.63044e+00    
101.57  8.34385e+03  6.000e-01 2.300e+00 1.64653e+00 2.28905e-01 3.14390e+00 1.59670e+00    
90.00  2.90932e+03  6.000e-01 2.300e+00 1.45894e+00 2.20440e-01 2.71532e+00 1.56160e+00    
80.00  8.21678e+02  6.000e-01 2.300e+00 1.29684e+00 3.97671e-01 3.40846e+00 1.80900e+00    
70.00  5.99003e+02  6.000e-01 2.300e+00 1.13473e+00 3.44890e-01 2.01033e+00 1.58654e+00    
60.00  2.08860e+02  6.000e-01 2.300e+00 9.72629e-01 5.37010e-01 2.96349e+00 1.99317e+00    
110.00  2.95431e+04  6.000e-01 2.500e+00 1.78315e+00 1.71291e-01 3.33169e+00 1.56305e+00    
101.57  6.08267e+03  6.000e-01 2.500e+00 1.64653e+00 2.83053e-01 3.87266e+00 1.70008e+00    
90.00  3.23258e+03  6.000e-01 2.500e+00 1.45894e+00 1.80607e-01 2.52131e+00 1.51164e+00    
80.00  7.39510e+02  6.000e-01 2.500e+00 1.29684e+00 4.11790e-01 3.68944e+00 1.85198e+00    
70.00  4.85193e+02  6.000e-01 2.500e+00 1.13473e+00 4.07598e-01 2.33689e+00 1.70501e+00    
60.00  2.32066e+02  6.000e-01 2.500e+00 9.72629e-01 5.12428e-01 2.62101e+00 1.90478e+00    
110.00  2.39299e+04  6.000e-01 2.700e+00 1.78315e+00 2.05054e-01 3.72143e+00 1.61640e+00    
101.57  6.08267e+03  6.000e-01 2.700e+00 1.64653e+00 2.82819e-01 3.88494e+00 1.70072e+00    
90.00  3.59175e+03  6.000e-01 2.700e+00 1.45894e+00 1.75448e-01 2.50197e+00 1.50592e+00    
80.00  7.39510e+02  6.000e-01 2.700e+00 1.29684e+00 4.11790e-01 3.68944e+00 1.85198e+00    
70.00  4.85193e+02  6.000e-01 2.700e+00 1.13473e+00 4.07598e-01 2.33689e+00 1.70501e+00    
60.00  2.32066e+02  6.000e-01 2.700e+00 9.72629e-01 4.97787e-01 2.47559e+00 1.86034e+00    
110.00  1.93832e+04  6.000e-01 2.900e+00 1.78315e+00 2.53855e-01 4.56108e+00 1.70977e+00    
101.57  6.75852e+03  6.000e-01 2.900e+00 1.64653e+00 2.67228e-01 3.64982e+00 1.66943e+00    
90.00  2.61839e+03  6.000e-01 2.900e+00 1.45894e+00 2.32753e-01 2.76027e+00 1.57580e+00    
80.00  7.39510e+02  6.000e-01 2.900e+00 1.29684e+00 4.11790e-01 3.68944e+00 1.85198e+00    
70.00  4.85193e+02  6.000e-01 2.900e+00 1.13473e+00 4.07598e-01 2.33689e+00 1.70501e+00    
60.00  2.57851e+02  6.000e-01 2.900e+00 9.72629e-01 4.27596e-01 2.08461e+00 1.70211e+00    
110.00  1.74449e+04  7.000e-01 1.500e+00 1.78315e+00 2.35412e-01 6.57261e+00 1.78888e+00    
101.57  2.70000e+05  7.000e-01 1.500e+00 1.64653e+00 -2.11992e+02 2.13327e+02 1.00096e+00    
90.00  1.90881e+03  7.000e-01 1.500e+00 1.45894e+00 3.24539e-01 4.73628e+00 1.81494e+00    
80.00  1.54613e+03  7.000e-01 1.500e+00 1.29684e+00 2.17804e-01 2.03946e+00 1.48163e+00    
70.00  2.86501e+02  7.000e-01 1.500e+00 1.13473e+00 5.75402e-01 9.28468e+00 2.46311e+00    
60.00  2.08860e+02  7.000e-01 1.500e+00 9.72629e-01 5.28260e-01 2.88872e+00 1.96949e+00    
110.00  2.70000e+05  7.000e-01 1.700e+00 1.78315e+00 -3.81433e-01 2.43609e+00 1.24926e+00    
101.57  8.34385e+03  7.000e-01 1.700e+00 1.64653e+00 2.08318e-01 3.06278e+00 1.57476e+00    
90.00  2.70000e+05  7.000e-01 1.700e+00 1.45894e+00 -1.16046e+00 2.77687e+00 1.13006e+00    
80.00  1.01442e+03  7.000e-01 1.700e+00 1.29684e+00 3.31432e-01 2.65662e+00 1.65894e+00    
70.00  3.18335e+02  7.000e-01 1.700e+00 1.13473e+00 5.62892e-01 6.75124e+00 2.32093e+00    
60.00  2.08860e+02  7.000e-01 1.700e+00 9.72629e-01 5.46735e-01 3.34512e+00 2.05831e+00    
110.00  5.55906e+04  7.000e-01 1.900e+00 1.78315e+00 3.00907e-02 2.89778e+00 1.44608e+00    
101.57  6.75852e+03  7.000e-01 1.900e+00 1.64653e+00 2.47815e-01 3.54199e+00 1.64523e+00    
90.00  2.12090e+03  7.000e-01 1.900e+00 1.45894e+00 2.90885e-01 3.64446e+00 1.70682e+00    
80.00  9.12976e+02  7.000e-01 1.900e+00 1.29684e+00 3.45000e-01 2.79955e+00 1.68887e+00    
70.00  3.18335e+02  7.000e-01 1.900e+00 1.13473e+00 5.33508e-01 4.32640e+00 2.10146e+00    
60.00  2.32066e+02  7.000e-01 1.900e+00 9.72629e-01 5.16320e-01 2.71599e+00 1.92600e+00    
110.00  5.55906e+04  7.000e-01 2.100e+00 1.78315e+00 3.00907e-02 2.89778e+00 1.44608e+00    
101.57  1.74449e+04  7.000e-01 2.100e+00 1.64653e+00 7.24761e-02 2.45906e+00 1.42939e+00    
90.00  6.75852e+03  7.000e-01 2.100e+00 1.45894e+00 -5.10983e-03 2.25585e+00 1.37609e+00    
80.00  8.21678e+02  7.000e-01 2.100e+00 1.29684e+00 3.73831e-01 3.13356e+00 1.75521e+00    
70.00  3.93006e+02  7.000e-01 2.100e+00 1.13473e+00 4.55733e-01 2.43795e+00 1.77484e+00    
60.00  2.08860e+02  7.000e-01 2.100e+00 9.72629e-01 5.28799e-01 2.91283e+00 1.97346e+00    
110.00  2.70000e+05  7.000e-01 2.300e+00 1.78315e+00 -1.45270e-01 2.53708e+00 1.33577e+00    
101.57  1.03011e+04  7.000e-01 2.300e+00 1.64653e+00 1.63598e-01 2.79153e+00 1.51817e+00    
90.00  4.92696e+03  7.000e-01 2.300e+00 1.45894e+00 6.95229e-02 2.35157e+00 1.42574e+00    
80.00  8.21678e+02  7.000e-01 2.300e+00 1.29684e+00 3.73831e-01 3.13356e+00 1.75521e+00    
70.00  3.93006e+02  7.000e-01 2.300e+00 1.13473e+00 4.63096e-01 2.52812e+00 1.79763e+00    
60.00  2.08860e+02  7.000e-01 2.300e+00 9.72629e-01 5.22670e-01 2.81682e+00 1.95032e+00    
110.00  2.70000e+05  7.000e-01 2.500e+00 1.78315e+00 -1.27834e-01 2.55406e+00 1.34412e+00    
101.57  6.75852e+03  7.000e-01 2.500e+00 1.64653e+00 2.65464e-01 3.67841e+00 1.67067e+00    
90.00  6.08267e+03  7.000e-01 2.500e+00 1.45894e+00 2.27435e-02 2.28803e+00 1.39366e+00    
80.00  8.21678e+02  7.000e-01 2.500e+00 1.29684e+00 3.98609e-01 3.50923e+00 1.82013e+00    
70.00  3.53706e+02  7.000e-01 2.500e+00 1.13473e+00 4.93685e-01 2.94931e+00 1.89694e+00    
60.00  2.32066e+02  7.000e-01 2.500e+00 9.72629e-01 4.90113e-01 2.47694e+00 1.85081e+00    
110.00  5.55906e+04  7.000e-01 2.700e+00 1.78315e+00 4.62267e-02 2.91432e+00 1.45582e+00    
101.57  6.75852e+03  7.000e-01 2.700e+00 1.64653e+00 2.67584e-01 3.72475e+00 1.67597e+00    
90.00  5.47440e+03  7.000e-01 2.700e+00 1.45894e+00 4.32139e-02 2.31116e+00 1.40689e+00    
80.00  8.21678e+02  7.000e-01 2.700e+00 1.29684e+00 3.98609e-01 3.50923e+00 1.82013e+00    
70.00  3.53706e+02  7.000e-01 2.700e+00 1.13473e+00 4.93685e-01 2.94931e+00 1.89694e+00    
60.00  2.32066e+02  7.000e-01 2.700e+00 9.72629e-01 4.74757e-01 2.36504e+00 1.81156e+00    
110.00  2.65888e+04  7.000e-01 2.900e+00 1.78315e+00 1.83262e-01 3.77957e+00 1.60662e+00    
101.57  7.50947e+03  7.000e-01 2.900e+00 1.64653e+00 2.47099e-01 3.48182e+00 1.64005e+00    
90.00  3.59175e+03  7.000e-01 2.900e+00 1.45894e+00 1.71966e-01 2.57745e+00 1.51352e+00    
80.00  8.21678e+02  7.000e-01 2.900e+00 1.29684e+00 3.98609e-01 3.50923e+00 1.82013e+00    
70.00  3.53706e+02  7.000e-01 2.900e+00 1.13473e+00 4.93685e-01 2.94931e+00 1.89694e+00    
60.00  3.18335e+02  7.000e-01 2.900e+00 9.72629e-01 3.82891e-01 2.01216e+00 1.64166e+00    
110.00  2.70000e+05  8.000e-01 1.500e+00 1.78315e+00 -1.99635e+02 2.01230e+02 1.00135e+00    
101.57  2.70000e+05  8.000e-01 1.500e+00 1.64653e+00 -2.74717e+02 2.76074e+02 1.00077e+00    
90.00  2.70000e+05  8.000e-01 1.500e+00 1.45894e+00 -2.43219e+02 2.44726e+02 1.00107e+00    
80.00  6.65559e+02  8.000e-01 1.500e+00 1.29684e+00 4.40394e-01 4.43495e+00 1.94823e+00    
70.00  3.93006e+02  8.000e-01 1.500e+00 1.13473e+00 4.68765e-01 2.93768e+00 1.86263e+00    
60.00  2.70000e+05  8.000e-01 1.500e+00 9.72629e-01 -1.36766e+02 1.38177e+02 1.00181e+00    
110.00  2.70000e+05  8.000e-01 1.700e+00 1.78315e+00 -2.44708e+02 2.46220e+02 1.00102e+00    
101.57  1.27173e+04  8.000e-01 1.700e+00 1.64653e+00 1.26299e-01 2.66145e+00 1.48236e+00    
90.00  2.70000e+05  8.000e-01 1.700e+00 1.45894e+00 -3.55997e+02 3.57460e+02 1.00069e+00    
80.00  7.39510e+02  8.000e-01 1.700e+00 1.29684e+00 4.11346e-01 3.60529e+00 1.84312e+00    
70.00  3.53706e+02  8.000e-01 1.700e+00 1.13473e+00 4.96659e-01 3.54833e+00 1.97078e+00    
60.00  3.53706e+02  8.000e-01 1.700e+00 9.72629e-01 3.31338e-01 1.92436e+00 1.57751e+00    
110.00  2.70000e+05  8.000e-01 1.900e+00 1.78315e+00 -1.50071e+00 3.29362e+00 1.12312e+00    
101.57  8.34385e+03  8.000e-01 1.900e+00 1.64653e+00 2.14635e-01 3.25835e+00 1.59683e+00    
90.00  9.27095e+03  8.000e-01 1.900e+00 1.45894e+00 -1.06343e-01 2.36642e+00 1.34728e+00    
80.00  8.21678e+02  8.000e-01 1.900e+00 1.29684e+00 3.90976e-01 3.23885e+00 1.78421e+00    
70.00  3.93006e+02  8.000e-01 1.900e+00 1.13473e+00 4.61054e-01 2.89010e+00 1.84608e+00    
60.00  3.18335e+02  8.000e-01 1.900e+00 9.72629e-01 3.38905e-01 1.93091e+00 1.58571e+00    
110.00  2.70000e+05  8.000e-01 2.100e+00 1.78315e+00 -1.50071e+00 3.29362e+00 1.12312e+00    
101.57  4.05256e+04  8.000e-01 2.100e+00 1.64653e+00 -1.21344e-01 2.30139e+00 1.32373e+00    
90.00  2.70000e+05  8.000e-01 2.100e+00 1.45894e+00 -3.64419e+01 3.79595e+01 1.00702e+00    
80.00  7.39510e+02  8.000e-01 2.100e+00 1.29684e+00 4.08135e-01 3.53077e+00 1.83243e+00    
70.00  8.21678e+02  8.000e-01 2.100e+00 1.13473e+00 2.24240e-01 1.83090e+00 1.45694e+00    
60.00  2.32066e+02  8.000e-01 2.100e+00 9.72629e-01 4.55579e-01 2.37605e+00 1.79120e+00    
110.00  2.70000e+05  8.000e-01 2.300e+00 1.78315e+00 -2.45515e+00 4.16016e+00 1.08450e+00    
101.57  1.41304e+04  8.000e-01 2.300e+00 1.64653e+00 9.67738e-02 2.59801e+00 1.45850e+00    
90.00  2.70000e+05  8.000e-01 2.300e+00 1.45894e+00 -7.73637e-01 2.59714e+00 1.18286e+00    
80.00  7.39510e+02  8.000e-01 2.300e+00 1.29684e+00 4.08135e-01 3.53077e+00 1.83243e+00    
70.00  5.99003e+02  8.000e-01 2.300e+00 1.13473e+00 3.32793e-01 2.01562e+00 1.57748e+00    
60.00  2.32066e+02  8.000e-01 2.300e+00 9.72629e-01 4.66705e-01 2.44322e+00 1.81635e+00    
110.00  2.70000e+05  8.000e-01 2.500e+00 1.78315e+00 -7.25417e-01 2.70092e+00 1.19502e+00    
101.57  6.75852e+03  8.000e-01 2.500e+00 1.64653e+00 2.64076e-01 3.67337e+00 1.66926e+00    
90.00  2.70000e+05  8.000e-01 2.500e+00 1.45894e+00 -6.49849e-01 2.50965e+00 1.20014e+00    
80.00  7.39510e+02  8.000e-01 2.500e+00 1.29684e+00 4.26663e-01 3.90459e+00 1.88852e+00    
70.00  4.36674e+02  8.000e-01 2.500e+00 1.13473e+00 4.43138e-01 2.54597e+00 1.77739e+00    
60.00  2.57851e+02  8.000e-01 2.500e+00 9.72629e-01 4.19312e-01 2.20044e+00 1.71806e+00    
110.00  1.16226e+05  8.000e-01 2.700e+00 1.78315e+00 -7.04770e-02 2.71487e+00 1.38381e+00    
101.57  6.75852e+03  8.000e-01 2.700e+00 1.64653e+00 2.65312e-01 3.71011e+00 1.67310e+00    
90.00  2.95431e+04  8.000e-01 2.700e+00 1.45894e+00 -3.72261e-01 2.35093e+00 1.25349e+00    
80.00  7.39510e+02  8.000e-01 2.700e+00 1.29684e+00 4.26663e-01 3.90459e+00 1.88852e+00    
70.00  4.36674e+02  8.000e-01 2.700e+00 1.13473e+00 4.43138e-01 2.54597e+00 1.77739e+00    
60.00  2.86501e+02  8.000e-01 2.700e+00 9.72629e-01 4.12275e-01 2.17389e+00 1.70548e+00    
110.00  2.65888e+04  8.000e-01 2.900e+00 1.78315e+00 1.85121e-01 3.79393e+00 1.60889e+00    
101.57  7.50947e+03  8.000e-01 2.900e+00 1.64653e+00 2.37630e-01 3.42002e+00 1.62786e+00    
90.00  5.47440e+03  8.000e-01 2.900e+00 1.45894e+00 5.13890e-02 2.40608e+00 1.42427e+00    
80.00  7.39510e+02  8.000e-01 2.900e+00 1.29684e+00 4.26663e-01 3.90459e+00 1.88852e+00    
70.00  4.36674e+02  8.000e-01 2.900e+00 1.13473e+00 4.43138e-01 2.54597e+00 1.77739e+00    
60.00  3.93006e+02  8.000e-01 2.900e+00 9.72629e-01 2.81610e-01 1.93940e+00 1.53858e+00    
