# a_s  n_c_best_possible_fit  rho_min_x  rho_max_x  alpha  alpha_opt  beta  gamma  min_energy  
110.00  2.70000e+05  4.000e-01 1.500e+00 1.78315e+00 -7.77927e+00 9.93797e+00 1.08007e+00    
101.57  2.70000e+05  4.000e-01 1.500e+00 1.64653e+00 -8.42094e+02 8.43692e+02 1.00068e+00    
90.00  2.70000e+05  4.000e-01 1.500e+00 1.45894e+00 -3.45853e+00 5.91576e+00 1.20891e+00    
80.00  2.70000e+05  4.000e-01 1.500e+00 1.29684e+00 -8.53522e+00 1.01844e+01 1.07806e+00    
70.00  2.70000e+05  4.000e-01 1.500e+00 1.13473e+00 -1.20218e+01 1.34058e+01 1.05523e+00    
60.00  3.28257e+04  4.000e-01 1.500e+00 9.72629e-01 -3.69385e+00 5.50422e+00 1.22194e+00    
110.00  2.70000e+05  4.000e-01 1.700e+00 1.78315e+00 -9.21243e+00 1.12812e+01 1.06647e+00    
101.57  2.70000e+05  4.000e-01 1.700e+00 1.64653e+00 -7.58193e+00 9.61317e+00 1.08354e+00    
90.00  2.70000e+05  4.000e-01 1.700e+00 1.45894e+00 -2.83246e+00 5.75970e+00 1.27226e+00    
80.00  2.70000e+05  4.000e-01 1.700e+00 1.29684e+00 -6.90631e+00 8.65300e+00 1.09895e+00    
70.00  2.70000e+05  4.000e-01 1.700e+00 1.13473e+00 -6.13717e+00 7.76452e+00 1.11658e+00    
60.00  1.74449e+04  4.000e-01 1.700e+00 9.72629e-01 -3.44311e+00 5.34499e+00 1.24321e+00    
110.00  2.70000e+05  4.000e-01 1.900e+00 1.78315e+00 -6.71657e+00 8.94883e+00 1.09374e+00    
101.57  2.70000e+05  4.000e-01 1.900e+00 1.64653e+00 -6.02992e+00 8.20346e+00 1.10783e+00    
90.00  2.70000e+05  4.000e-01 1.900e+00 1.45894e+00 -2.71923e+00 5.76735e+00 1.28765e+00    
80.00  2.70000e+05  4.000e-01 1.900e+00 1.29684e+00 -5.20996e+00 7.13994e+00 1.13687e+00    
70.00  2.70000e+05  4.000e-01 1.900e+00 1.13473e+00 -4.56911e+00 6.40316e+00 1.16503e+00    
60.00  2.39299e+04  4.000e-01 1.900e+00 9.72629e-01 -3.56858e+00 5.42389e+00 1.23219e+00    
110.00  2.70000e+05  4.000e-01 2.100e+00 1.78315e+00 -6.71657e+00 8.94883e+00 1.09374e+00    
101.57  2.70000e+05  4.000e-01 2.100e+00 1.64653e+00 -6.31695e+00 8.45887e+00 1.10237e+00    
90.00  2.70000e+05  4.000e-01 2.100e+00 1.45894e+00 -3.07172e+00 5.80356e+00 1.24507e+00    
80.00  2.70000e+05  4.000e-01 2.100e+00 1.29684e+00 -4.51575e+00 6.56979e+00 1.16197e+00    
70.00  2.70000e+05  4.000e-01 2.100e+00 1.13473e+00 -4.31210e+00 6.19857e+00 1.17698e+00    
60.00  1.03011e+04  4.000e-01 2.100e+00 9.72629e-01 -3.18233e+00 5.19176e+00 1.26923e+00    
110.00  2.70000e+05  4.000e-01 2.300e+00 1.78315e+00 -5.25139e+00 7.67013e+00 1.12329e+00    
101.57  2.70000e+05  4.000e-01 2.300e+00 1.64653e+00 -5.43181e+00 7.68345e+00 1.12125e+00    
90.00  2.70000e+05  4.000e-01 2.300e+00 1.45894e+00 -3.20235e+00 5.84825e+00 1.23243e+00    
80.00  2.70000e+05  4.000e-01 2.300e+00 1.29684e+00 -4.51575e+00 6.56979e+00 1.16197e+00    
70.00  2.70000e+05  4.000e-01 2.300e+00 1.13473e+00 -4.12275e+00 6.05179e+00 1.18684e+00    
60.00  9.27095e+03  4.000e-01 2.300e+00 9.72629e-01 -3.10795e+00 5.15148e+00 1.27756e+00    
110.00  2.70000e+05  4.000e-01 2.500e+00 1.78315e+00 -4.75344e+00 7.26877e+00 1.13800e+00    
101.57  2.70000e+05  4.000e-01 2.500e+00 1.64653e+00 -4.15883e+00 6.68097e+00 1.16482e+00    
90.00  2.70000e+05  4.000e-01 2.500e+00 1.45894e+00 -3.48122e+00 5.98113e+00 1.20955e+00    
80.00  2.70000e+05  4.000e-01 2.500e+00 1.29684e+00 -4.05102e+00 6.21806e+00 1.18439e+00    
70.00  2.70000e+05  4.000e-01 2.500e+00 1.13473e+00 -3.91305e+00 5.89547e+00 1.19908e+00    
60.00  1.03011e+04  4.000e-01 2.500e+00 9.72629e-01 -3.19096e+00 5.19686e+00 1.26831e+00    
110.00  2.70000e+05  4.000e-01 2.700e+00 1.78315e+00 -4.42442e+00 7.01857e+00 1.14976e+00    
101.57  2.70000e+05  4.000e-01 2.700e+00 1.64653e+00 -3.81495e+00 6.45281e+00 1.18241e+00    
90.00  2.70000e+05  4.000e-01 2.700e+00 1.45894e+00 -3.37649e+00 5.92537e+00 1.21753e+00    
80.00  2.70000e+05  4.000e-01 2.700e+00 1.29684e+00 -4.05102e+00 6.21806e+00 1.18439e+00    
70.00  2.70000e+05  4.000e-01 2.700e+00 1.13473e+00 -3.91305e+00 5.89547e+00 1.19908e+00    
60.00  9.27095e+03  4.000e-01 2.700e+00 9.72629e-01 -3.12087e+00 5.15729e+00 1.27601e+00    
110.00  2.70000e+05  4.000e-01 2.900e+00 1.78315e+00 -3.73675e+00 6.55358e+00 1.18189e+00    
101.57  2.70000e+05  4.000e-01 2.900e+00 1.64653e+00 -3.66247e+00 6.36023e+00 1.19140e+00    
90.00  2.70000e+05  4.000e-01 2.900e+00 1.45894e+00 -3.27753e+00 5.87538e+00 1.22556e+00    
80.00  2.70000e+05  4.000e-01 2.900e+00 1.29684e+00 -4.05102e+00 6.21806e+00 1.18439e+00    
70.00  2.70000e+05  4.000e-01 2.900e+00 1.13473e+00 -3.91305e+00 5.89547e+00 1.19908e+00    
60.00  1.03011e+04  4.000e-01 2.900e+00 9.72629e-01 -3.17538e+00 5.18935e+00 1.27009e+00    
110.00  2.70000e+05  5.000e-01 1.500e+00 1.78315e+00 -1.23428e+01 1.43327e+01 1.04906e+00    
101.57  2.70000e+05  5.000e-01 1.500e+00 1.64653e+00 -2.16535e+01 2.33618e+01 1.02716e+00    
90.00  2.70000e+05  5.000e-01 1.500e+00 1.45894e+00 -3.69398e+00 6.06818e+00 1.19347e+00    
80.00  2.70000e+05  5.000e-01 1.500e+00 1.29684e+00 -5.34052e+00 7.21082e+00 1.13127e+00    
70.00  2.70000e+05  5.000e-01 1.500e+00 1.13473e+00 -1.47173e+01 1.60680e+01 1.04463e+00    
60.00  2.70000e+05  5.000e-01 1.500e+00 9.72629e-01 -4.54296e+00 6.19221e+00 1.17381e+00    
110.00  2.70000e+05  5.000e-01 1.700e+00 1.78315e+00 -1.21021e+01 1.40893e+01 1.04995e+00    
101.57  2.70000e+05  5.000e-01 1.700e+00 1.64653e+00 -4.46051e+00 6.84507e+00 1.14972e+00    
90.00  2.70000e+05  5.000e-01 1.700e+00 1.45894e+00 -2.71961e+00 5.75323e+00 1.28692e+00    
80.00  2.70000e+05  5.000e-01 1.700e+00 1.29684e+00 -5.08193e+00 6.99209e+00 1.13917e+00    
70.00  2.70000e+05  5.000e-01 1.700e+00 1.13473e+00 -5.48142e+00 7.16418e+00 1.13234e+00    
60.00  2.70000e+05  5.000e-01 1.700e+00 9.72629e-01 -3.75574e+00 5.57728e+00 1.21935e+00    
110.00  2.70000e+05  5.000e-01 1.900e+00 1.78315e+00 -7.27272e+00 9.46520e+00 1.08612e+00    
101.57  2.70000e+05  5.000e-01 1.900e+00 1.64653e+00 -4.06888e+00 6.56446e+00 1.16678e+00    
90.00  2.70000e+05  5.000e-01 1.900e+00 1.45894e+00 -2.60260e+00 5.76985e+00 1.30413e+00    
80.00  2.70000e+05  5.000e-01 1.900e+00 1.29684e+00 -4.18560e+00 6.27548e+00 1.17521e+00    
70.00  2.70000e+05  5.000e-01 1.900e+00 1.13473e+00 -4.04267e+00 5.96959e+00 1.19003e+00    
60.00  2.70000e+05  5.000e-01 1.900e+00 9.72629e-01 -3.89460e+00 5.67942e+00 1.20973e+00    
110.00  2.70000e+05  5.000e-01 2.100e+00 1.78315e+00 -7.27272e+00 9.46520e+00 1.08612e+00    
101.57  2.70000e+05  5.000e-01 2.100e+00 1.64653e+00 -4.71901e+00 7.05191e+00 1.14053e+00    
90.00  2.70000e+05  5.000e-01 2.100e+00 1.45894e+00 -3.15000e+00 5.84406e+00 1.23813e+00    
80.00  2.70000e+05  5.000e-01 2.100e+00 1.29684e+00 -3.75273e+00 5.96624e+00 1.19974e+00    
70.00  2.70000e+05  5.000e-01 2.100e+00 1.13473e+00 -3.88272e+00 5.85167e+00 1.19961e+00    
60.00  1.14456e+04  5.000e-01 2.100e+00 9.72629e-01 -3.20924e+00 5.21021e+00 1.26659e+00    
110.00  2.70000e+05  5.000e-01 2.300e+00 1.78315e+00 -5.28104e+00 7.69564e+00 1.12255e+00    
101.57  2.70000e+05  5.000e-01 2.300e+00 1.64653e+00 -4.15580e+00 6.62179e+00 1.16257e+00    
90.00  2.70000e+05  5.000e-01 2.300e+00 1.45894e+00 -3.34158e+00 5.92956e+00 1.22143e+00    
80.00  2.70000e+05  5.000e-01 2.300e+00 1.29684e+00 -3.75273e+00 5.96624e+00 1.19974e+00    
70.00  2.70000e+05  5.000e-01 2.300e+00 1.13473e+00 -3.76797e+00 5.76830e+00 1.20698e+00    
60.00  9.27095e+03  5.000e-01 2.300e+00 9.72629e-01 -3.09549e+00 5.14306e+00 1.27885e+00    
110.00  2.70000e+05  5.000e-01 2.500e+00 1.78315e+00 -4.69994e+00 7.22464e+00 1.13970e+00    
101.57  2.70000e+05  5.000e-01 2.500e+00 1.64653e+00 -3.34345e+00 6.11662e+00 1.20982e+00    
90.00  2.70000e+05  5.000e-01 2.500e+00 1.45894e+00 -3.76216e+00 6.17702e+00 1.19210e+00    
80.00  2.70000e+05  5.000e-01 2.500e+00 1.29684e+00 -3.42753e+00 5.76003e+00 1.22293e+00    
70.00  2.70000e+05  5.000e-01 2.500e+00 1.13473e+00 -3.61296e+00 5.66018e+00 1.21785e+00    
60.00  1.14456e+04  5.000e-01 2.500e+00 9.72629e-01 -3.21585e+00 5.21468e+00 1.26595e+00    
110.00  2.70000e+05  5.000e-01 2.700e+00 1.78315e+00 -4.34122e+00 6.95248e+00 1.15284e+00    
101.57  2.70000e+05  5.000e-01 2.700e+00 1.64653e+00 -3.14352e+00 6.02737e+00 1.22584e+00    
90.00  2.70000e+05  5.000e-01 2.700e+00 1.45894e+00 -3.55979e+00 6.04829e+00 1.20509e+00    
80.00  2.70000e+05  5.000e-01 2.700e+00 1.29684e+00 -3.42753e+00 5.76003e+00 1.22293e+00    
70.00  2.70000e+05  5.000e-01 2.700e+00 1.13473e+00 -3.61296e+00 5.66018e+00 1.21785e+00    
60.00  9.27095e+03  5.000e-01 2.700e+00 9.72629e-01 -3.11313e+00 5.15181e+00 1.27678e+00    
110.00  2.70000e+05  5.000e-01 2.900e+00 1.78315e+00 -3.60197e+00 6.46259e+00 1.18925e+00    
101.57  2.70000e+05  5.000e-01 2.900e+00 1.64653e+00 -3.04826e+00 5.99079e+00 1.23428e+00    
90.00  2.70000e+05  5.000e-01 2.900e+00 1.45894e+00 -3.38612e+00 5.94591e+00 1.21760e+00    
80.00  2.70000e+05  5.000e-01 2.900e+00 1.29684e+00 -3.42753e+00 5.76003e+00 1.22293e+00    
70.00  2.70000e+05  5.000e-01 2.900e+00 1.13473e+00 -3.61296e+00 5.66018e+00 1.21785e+00    
60.00  1.03011e+04  5.000e-01 2.900e+00 9.72629e-01 -3.19090e+00 5.20093e+00 1.26863e+00    
110.00  2.70000e+05  6.000e-01 1.500e+00 1.78315e+00 -5.00389e+00 7.45063e+00 1.12949e+00    
101.57  2.70000e+05  6.000e-01 1.500e+00 1.64653e+00 -2.06810e+01 2.23924e+01 1.02844e+00    
90.00  2.15369e+04  6.000e-01 1.500e+00 1.45894e+00 -2.12681e+00 5.92543e+00 1.38997e+00    
80.00  2.70000e+05  6.000e-01 1.500e+00 1.29684e+00 -1.30458e+01 1.46089e+01 1.05013e+00    
70.00  2.70000e+05  6.000e-01 1.500e+00 1.13473e+00 -2.90331e+01 3.03180e+01 1.02213e+00    
60.00  7.50947e+03  6.000e-01 1.500e+00 9.72629e-01 -2.96657e+00 5.01349e+00 1.28932e+00    
110.00  2.70000e+05  6.000e-01 1.700e+00 1.78315e+00 -6.86542e+00 9.05523e+00 1.09068e+00    
101.57  2.70000e+05  6.000e-01 1.700e+00 1.64653e+00 -3.29112e+00 6.04215e+00 1.21144e+00    
90.00  1.74449e+04  6.000e-01 1.700e+00 1.45894e+00 -2.05767e+00 6.06536e+00 1.41000e+00    
80.00  2.70000e+05  6.000e-01 1.700e+00 1.29684e+00 -7.16990e+00 8.91501e+00 1.09550e+00    
70.00  2.70000e+05  6.000e-01 1.700e+00 1.13473e+00 -4.72776e+00 6.49581e+00 1.15645e+00    
60.00  5.47440e+03  6.000e-01 1.700e+00 9.72629e-01 -2.81871e+00 4.95208e+00 1.30947e+00    
110.00  2.70000e+05  6.000e-01 1.900e+00 1.78315e+00 -4.90302e+00 7.33827e+00 1.13148e+00    
101.57  2.70000e+05  6.000e-01 1.900e+00 1.64653e+00 -3.19824e+00 6.00460e+00 1.21900e+00    
90.00  1.93832e+04  6.000e-01 1.900e+00 1.45894e+00 -2.10188e+00 5.99262e+00 1.39789e+00    
80.00  2.70000e+05  6.000e-01 1.900e+00 1.29684e+00 -4.45751e+00 6.50245e+00 1.16346e+00    
70.00  2.70000e+05  6.000e-01 1.900e+00 1.13473e+00 -3.51728e+00 5.57084e+00 1.22342e+00    
60.00  1.03011e+04  6.000e-01 1.900e+00 9.72629e-01 -3.12268e+00 5.10160e+00 1.27134e+00    
110.00  2.70000e+05  6.000e-01 2.100e+00 1.78315e+00 -4.90302e+00 7.33827e+00 1.13148e+00    
101.57  2.70000e+05  6.000e-01 2.100e+00 1.64653e+00 -4.07790e+00 6.53448e+00 1.16480e+00    
90.00  2.70000e+05  6.000e-01 2.100e+00 1.45894e+00 -2.68206e+00 5.67576e+00 1.28799e+00    
80.00  2.70000e+05  6.000e-01 2.100e+00 1.29684e+00 -3.71102e+00 5.93908e+00 1.20252e+00    
70.00  2.70000e+05  6.000e-01 2.100e+00 1.13473e+00 -3.46695e+00 5.53841e+00 1.22743e+00    
60.00  4.43426e+03  6.000e-01 2.100e+00 9.72629e-01 -2.69332e+00 4.89394e+00 1.32745e+00    
110.00  2.70000e+05  6.000e-01 2.300e+00 1.78315e+00 -3.88245e+00 6.57743e+00 1.17126e+00    
101.57  2.70000e+05  6.000e-01 2.300e+00 1.64653e+00 -3.54335e+00 6.17664e+00 1.19374e+00    
90.00  2.70000e+05  6.000e-01 2.300e+00 1.45894e+00 -2.96945e+00 5.73246e+00 1.25360e+00    
80.00  2.70000e+05  6.000e-01 2.300e+00 1.29684e+00 -3.71102e+00 5.93908e+00 1.20252e+00    
70.00  2.70000e+05  6.000e-01 2.300e+00 1.13473e+00 -3.43064e+00 5.51374e+00 1.23031e+00    
60.00  3.99084e+03  6.000e-01 2.300e+00 9.72629e-01 -2.66875e+00 4.88273e+00 1.33114e+00    
110.00  2.70000e+05  6.000e-01 2.500e+00 1.78315e+00 -3.72182e+00 6.47480e+00 1.17977e+00    
101.57  2.70000e+05  6.000e-01 2.500e+00 1.64653e+00 -2.85828e+00 5.86564e+00 1.24961e+00    
90.00  2.70000e+05  6.000e-01 2.500e+00 1.45894e+00 -3.47740e+00 5.97720e+00 1.20972e+00    
80.00  2.70000e+05  6.000e-01 2.500e+00 1.29684e+00 -3.26935e+00 5.65867e+00 1.23544e+00    
70.00  2.70000e+05  6.000e-01 2.500e+00 1.13473e+00 -3.33063e+00 5.44997e+00 1.23876e+00    
60.00  5.47440e+03  6.000e-01 2.500e+00 9.72629e-01 -2.83092e+00 4.95481e+00 1.30758e+00    
110.00  2.70000e+05  6.000e-01 2.700e+00 1.78315e+00 -3.55121e+00 6.37263e+00 1.18971e+00    
101.57  2.70000e+05  6.000e-01 2.700e+00 1.64653e+00 -2.72457e+00 5.83795e+00 1.26436e+00    
90.00  2.70000e+05  6.000e-01 2.700e+00 1.45894e+00 -3.29667e+00 5.87390e+00 1.22338e+00    
80.00  2.70000e+05  6.000e-01 2.700e+00 1.29684e+00 -3.26935e+00 5.65867e+00 1.23544e+00    
70.00  2.70000e+05  6.000e-01 2.700e+00 1.13473e+00 -3.33063e+00 5.44997e+00 1.23876e+00    
60.00  4.92696e+03  6.000e-01 2.700e+00 9.72629e-01 -2.78580e+00 4.93244e+00 1.31374e+00    
110.00  2.70000e+05  6.000e-01 2.900e+00 1.78315e+00 -2.97736e+00 6.10625e+00 1.23255e+00    
101.57  2.70000e+05  6.000e-01 2.900e+00 1.64653e+00 -2.65642e+00 5.82799e+00 1.27246e+00    
90.00  2.70000e+05  6.000e-01 2.900e+00 1.45894e+00 -3.15125e+00 5.79813e+00 1.23560e+00    
80.00  2.70000e+05  6.000e-01 2.900e+00 1.29684e+00 -3.26935e+00 5.65867e+00 1.23544e+00    
70.00  2.70000e+05  6.000e-01 2.900e+00 1.13473e+00 -3.33063e+00 5.44997e+00 1.23876e+00    
60.00  6.75852e+03  6.000e-01 2.900e+00 9.72629e-01 -2.93279e+00 5.01341e+00 1.29483e+00    
110.00  2.70000e+05  7.000e-01 1.500e+00 1.78315e+00 -1.88996e+01 2.08196e+01 1.03177e+00    
101.57  2.70000e+05  7.000e-01 1.500e+00 1.64653e+00 -5.20691e+01 5.37142e+01 1.01115e+00    
90.00  2.70000e+05  7.000e-01 1.500e+00 1.45894e+00 -3.88061e+02 3.89610e+02 1.00159e+00    
80.00  2.70000e+05  7.000e-01 1.500e+00 1.29684e+00 -7.86041e+02 7.87454e+02 1.00080e+00    
70.00  2.70000e+05  7.000e-01 1.500e+00 1.13473e+00 -4.21232e+00 5.98246e+00 1.17411e+00    
60.00  6.08267e+03  7.000e-01 1.500e+00 9.72629e-01 -2.85190e+00 4.95349e+00 1.30384e+00    
110.00  2.70000e+05  7.000e-01 1.700e+00 1.78315e+00 -1.11023e+01 1.31179e+01 1.05477e+00    
101.57  2.70000e+05  7.000e-01 1.700e+00 1.64653e+00 -2.63420e+00 5.81597e+00 1.27456e+00    
90.00  2.70000e+05  7.000e-01 1.700e+00 1.45894e+00 -3.43326e+00 6.06464e+00 1.21878e+00    
80.00  2.70000e+05  7.000e-01 1.700e+00 1.29684e+00 -4.84641e+01 4.99343e+01 1.01324e+00    
70.00  1.03011e+04  7.000e-01 1.700e+00 1.13473e+00 -2.67754e+00 5.05520e+00 1.30718e+00    
60.00  4.43426e+03  7.000e-01 1.700e+00 9.72629e-01 -2.71284e+00 4.90118e+00 1.32435e+00    
110.00  2.70000e+05  7.000e-01 1.900e+00 1.78315e+00 -5.03264e+00 7.44793e+00 1.12783e+00    
101.57  2.70000e+05  7.000e-01 1.900e+00 1.64653e+00 -2.73161e+00 5.82610e+00 1.26278e+00    
90.00  2.70000e+05  7.000e-01 1.900e+00 1.45894e+00 -2.94058e+00 5.86395e+00 1.26410e+00    
80.00  2.70000e+05  7.000e-01 1.900e+00 1.29684e+00 -5.41769e+00 7.34075e+00 1.13183e+00    
70.00  8.34385e+03  7.000e-01 1.900e+00 1.13473e+00 -2.55363e+00 5.03874e+00 1.32735e+00    
60.00  1.03011e+04  7.000e-01 1.900e+00 9.72629e-01 -3.14981e+00 5.11986e+00 1.26859e+00    
110.00  2.70000e+05  7.000e-01 2.100e+00 1.78315e+00 -5.03264e+00 7.44793e+00 1.12783e+00    
101.57  2.70000e+05  7.000e-01 2.100e+00 1.64653e+00 -3.88544e+00 6.38957e+00 1.17380e+00    
90.00  2.70000e+05  7.000e-01 2.100e+00 1.45894e+00 -4.75612e+00 7.01488e+00 1.15039e+00    
80.00  2.70000e+05  7.000e-01 2.100e+00 1.29684e+00 -3.95391e+00 6.12535e+00 1.18865e+00    
70.00  1.14456e+04  7.000e-01 2.100e+00 1.13473e+00 -2.70350e+00 5.07383e+00 1.30411e+00    
60.00  3.59175e+03  7.000e-01 2.100e+00 9.72629e-01 -2.59937e+00 4.84784e+00 1.34150e+00    
110.00  2.70000e+05  7.000e-01 2.300e+00 1.78315e+00 -3.58094e+00 6.37181e+00 1.18712e+00    
101.57  2.70000e+05  7.000e-01 2.300e+00 1.64653e+00 -3.27393e+00 6.00664e+00 1.21148e+00    
90.00  2.70000e+05  7.000e-01 2.300e+00 1.45894e+00 -4.94893e+00 7.17510e+00 1.14384e+00    
80.00  2.70000e+05  7.000e-01 2.300e+00 1.29684e+00 -3.95391e+00 6.12535e+00 1.18865e+00    
70.00  1.41304e+04  7.000e-01 2.300e+00 1.13473e+00 -2.81802e+00 5.11458e+00 1.28850e+00    
60.00  3.59175e+03  7.000e-01 2.300e+00 9.72629e-01 -2.58748e+00 4.84119e+00 1.34328e+00    
110.00  2.70000e+05  7.000e-01 2.500e+00 1.78315e+00 -3.47727e+00 6.31115e+00 1.19348e+00    
101.57  2.70000e+05  7.000e-01 2.500e+00 1.64653e+00 -2.60295e+00 5.78123e+00 1.27700e+00    
90.00  2.70000e+05  7.000e-01 2.500e+00 1.45894e+00 -6.22977e+00 8.30578e+00 1.11169e+00    
80.00  2.70000e+05  7.000e-01 2.500e+00 1.29684e+00 -3.32263e+00 5.69385e+00 1.23119e+00    
70.00  1.41304e+04  7.000e-01 2.500e+00 1.13473e+00 -2.83961e+00 5.12457e+00 1.28581e+00    
60.00  5.47440e+03  7.000e-01 2.500e+00 9.72629e-01 -2.79756e+00 4.93420e+00 1.31177e+00    
110.00  2.70000e+05  7.000e-01 2.700e+00 1.78315e+00 -3.31667e+00 6.22320e+00 1.20417e+00    
101.57  2.70000e+05  7.000e-01 2.700e+00 1.64653e+00 -2.50418e+00 5.77961e+00 1.29014e+00    
90.00  2.70000e+05  7.000e-01 2.700e+00 1.45894e+00 -4.90082e+00 7.13054e+00 1.14525e+00    
80.00  2.70000e+05  7.000e-01 2.700e+00 1.29684e+00 -3.32263e+00 5.69385e+00 1.23119e+00    
70.00  1.41304e+04  7.000e-01 2.700e+00 1.13473e+00 -2.83961e+00 5.12457e+00 1.28581e+00    
60.00  4.92696e+03  7.000e-01 2.700e+00 9.72629e-01 -2.74916e+00 4.90970e+00 1.31845e+00    
110.00  2.70000e+05  7.000e-01 2.900e+00 1.78315e+00 -2.68557e+00 5.99419e+00 1.25997e+00    
101.57  2.70000e+05  7.000e-01 2.900e+00 1.64653e+00 -2.44964e+00 5.78136e+00 1.29780e+00    
90.00  2.70000e+05  7.000e-01 2.900e+00 1.45894e+00 -4.11741e+00 6.49604e+00 1.17629e+00    
80.00  2.70000e+05  7.000e-01 2.900e+00 1.29684e+00 -3.32263e+00 5.69385e+00 1.23119e+00    
70.00  1.41304e+04  7.000e-01 2.900e+00 1.13473e+00 -2.83961e+00 5.12457e+00 1.28581e+00    
60.00  6.75852e+03  7.000e-01 2.900e+00 9.72629e-01 -2.93677e+00 5.01621e+00 1.29439e+00    
